 N1= 2,L1= 0,J1= 1/2    N2= 2,L2= 1,J2= 3/2    L=DIP    EN=   36.597538(KEV)    INT= 1.1997E-02      ***
 
 N1= 2,L1= 0,J1= 1/2    N2= 2,L2= 1,J2= 1/2    L=DIP    EN=   44.402470(KEV)    INT= 5.9987E-03      ***
 
 N1= 2,L1= 1,J1= 1/2    N2= 1,L2= 0,J2= 1/2    L=DIP    EN= 1916.905518(KEV)    INT= 2.9244E-01    *****
 
 N1= 2,L1= 1,J1= 3/2    N2= 1,L2= 0,J2= 1/2    L=DIP    EN= 1924.710571(KEV)    INT= 5.8488E-01    *****